5 0.8890625 0.44609375 0.12734375 0.46875
8 0.4734375 0.44140625 0.1140625 0.45078125
8 0.12109375 0.44609375 0.10703125 0.44140625
6 0.7453125 0.44609375 0.12734375 0.459375
8 0.4734375 0.41015625 0.1140625 0.3875
3 0.60703125 0.428125 0.12109375 0.4140625
8 0.4734375 0.37421875 0.1140625 0.315625
8 0.12109375 0.36484375 0.10703125 0.28828125
2 0.2546875 0.4328125 0.046875 0.40546875
3 0.60703125 0.41015625 0.12109375 0.378125
2 0.2546875 0.44140625 0.046875 0.4140625
3 0.6109375 0.48203125 0.12734375 0.39609375