5 0.47265625 0.4765625 0.1078125 0.44375
8 0.875 0.4671875 0.11484375 0.44375
8 0.6078125 0.471875 0.1078125 0.44375
8 0.73984375 0.471875 0.11484375 0.453125
8 0.13203125 0.48125 0.1078125 0.43359375
8 0.875 0.39609375 0.11484375 0.3015625
8 0.875 0.42421875 0.11484375 0.35859375
8 0.6078125 0.39609375 0.1078125 0.3015625
3 0.26015625 0.4671875 0.1078125 0.41484375
8 0.13203125 0.40546875 0.1078125 0.2921875
8 0.6078125 0.42421875 0.1078125 0.34921875
8 0.73984375 0.38671875 0.11484375 0.2828125