8 0.11796875 0.4703125 0.11171875 0.46640625
8 0.746875 0.44921875 0.11171875 0.47421875
8 0.8796875 0.44921875 0.11171875 0.47421875
10 0.4796875 0.46171875 0.11171875 0.46640625
8 0.8796875 0.36875 0.11171875 0.31328125
8 0.746875 0.35625 0.11171875 0.28828125
8 0.1203125 0.38125 0.10625 0.28828125
3 0.253125 0.440625 0.11796875 0.40703125
8 0.746875 0.40703125 0.11171875 0.38984375
3 0.61171875 0.43671875 0.11796875 0.415625
3 0.253125 0.4578125 0.11796875 0.440625
8 0.8796875 0.41953125 0.11171875 0.415625
8 0.1203125 0.415625 0.11171875 0.35625
8 0.746875 0.37734375 0.11171875 0.33046875
1 0.4796875 0.46171875 0.11171875 0.4578125
3 0.61484375 0.44921875 0.11796875 0.4578125