4 0.75703125 0.45859375 0.11953125 0.4640625
9 0.89453125 0.45859375 0.1125 0.4640625
4 0.2609375 0.45859375 0.11953125 0.4640625
8 0.1234375 0.45390625 0.11953125 0.45390625
6 0.6265625 0.45859375 0.11953125 0.4640625
8 0.1234375 0.37109375 0.11953125 0.28828125
6 0.6265625 0.4328125 0.11953125 0.4125
6 0.6265625 0.4125 0.11953125 0.37109375
2 0.49296875 0.45859375 0.0421875 0.45390625
6 0.6234375 0.3609375 0.11953125 0.26796875
2 0.49296875 0.428125 0.03515625 0.40234375
8 0.1234375 0.38671875 0.11953125 0.31953125