4 0.75859375 0.47265625 0.11328125 0.46484375
1 0.26796875 0.4765625 0.11875 0.46484375
8 0.628125 0.37421875 0.11328125 0.27578125
7 0.496875 0.4765625 0.11328125 0.46484375
8 0.128125 0.37421875 0.11328125 0.27578125
8 0.628125 0.4484375 0.11328125 0.425
8 0.128125 0.4765625 0.11328125 0.47265625
8 0.628125 0.38984375 0.11328125 0.30703125
2 0.89296875 0.42890625 0.0359375 0.409375
8 0.628125 0.47265625 0.11328125 0.47265625
8 0.13125 0.39375 0.11328125 0.30703125
8 0.128125 0.44453125 0.11328125 0.4171875