1 0.4859375 0.4421875 0.11875 0.46171875
8 0.87734375 0.446875 0.11171875 0.4328125
10 0.7515625 0.4515625 0.11171875 0.4515625
8 0.11875 0.41796875 0.12578125 0.4515625
1 0.7515625 0.365625 0.1046875 0.28828125
8 0.88125 0.375 0.1046875 0.27890625
7 0.61875 0.446875 0.11875 0.4515625
8 0.11875 0.34140625 0.12578125 0.28828125
3 0.25859375 0.40390625 0.11875 0.39453125
8 0.88125 0.39921875 0.1046875 0.3265625
8 0.11875 0.365625 0.12578125 0.34609375
3 0.25859375 0.4234375 0.11875 0.4328125
3 0.25546875 0.48046875 0.12578125 0.40390625