4 0.86015625 0.42421875 0.125 0.44765625
4 0.7265625 0.428125 0.10703125 0.44765625
8 0.125 0.44765625 0.10703125 0.43203125
6 0.5953125 0.4359375 0.11328125 0.44765625
8 0.4703125 0.3359375 0.10703125 0.23984375
3 0.25 0.43203125 0.11328125 0.4078125
8 0.4703125 0.3921875 0.10703125 0.35234375
8 0.128125 0.37578125 0.1015625 0.28828125
8 0.4703125 0.35234375 0.10703125 0.271875
8 0.4703125 0.371875 0.10703125 0.31171875
8 0.4671875 0.44765625 0.11328125 0.45625
8 0.128125 0.3921875 0.1015625 0.3203125
6 0.5953125 0.3640625 0.11328125 0.30390625
8 0.4703125 0.4203125 0.10703125 0.4078125