9 0.46875 0.4875 0.11171875 0.41875
8 0.853125 0.39296875 0.11171875 0.26484375
6 0.7234375 0.39296875 0.11875 0.24765625
8 0.13984375 0.41015625 0.11171875 0.25625
6 0.7234375 0.4234375 0.11875 0.31640625
8 0.853125 0.43984375 0.11171875 0.35859375
3 0.59765625 0.465625 0.11171875 0.37578125
8 0.13984375 0.43984375 0.11171875 0.31640625
2 0.2625 0.4703125 0.0421875 0.3671875
8 0.853125 0.41484375 0.11171875 0.3078125
3 0.59453125 0.4484375 0.11171875 0.35078125
8 0.13671875 0.49609375 0.11171875 0.42734375
6 0.7234375 0.47890625 0.11875 0.41875