9 0.6203125 0.48203125 0.11015625 0.45078125
8 0.12421875 0.3828125 0.11015625 0.2609375
8 0.12734375 0.44140625 0.1171875 0.378125
3 0.26171875 0.459375 0.1171875 0.40546875
8 0.12734375 0.40078125 0.11015625 0.29765625
3 0.48984375 0.459375 0.1171875 0.4140625
6 0.8859375 0.36484375 0.1171875 0.2703125
7 0.7515625 0.47734375 0.11015625 0.459375
3 0.25859375 0.44140625 0.1171875 0.378125
3 0.48984375 0.44140625 0.11015625 0.378125
3 0.48984375 0.52265625 0.1171875 0.378125
3 0.265625 0.51796875 0.1171875 0.378125